When: 2025-11-08 12:39:55 Episode: 1 Map: 11
timestamp	 tic	 x	 y	 z	 angle	 momx	 momy
2025-11-08 12:39:57	 395	 448	752	128	 91.41	 0	-1 	0
2025-11-08 12:39:58	 430	 495	747	128	 14.06	 0	-1 	0
2025-11-08 12:39:59	 465	 522	747	128	 4.22	 4	0 	0
2025-11-08 12:40:00	 500	 697	720	128	 202.50	 0	-1 	0
2025-11-08 12:40:01	 535	 637	669	128	 180.00	 -4	-2 	0
2025-11-08 12:40:02	 570	 391	662	23	 174.38	 -11	1 	0
2025-11-08 12:40:03	 605	 410	678	16	 357.19	 13	0 	0
2025-11-08 12:40:04	 640	 604	662	112	 28.12	 1	0 	0
2025-11-08 12:40:05	 675	 768	828	128	 92.81	 2	0 	0
2025-11-08 12:40:06	 710	 597	790	128	 92.81	 -12	1 	0
When: 2025-11-08 12:40:06 Episode: 1 Map: 3
timestamp	 tic	 x	 y	 z	 angle	 momx	 momy
2025-11-08 12:40:08	 746	 1986	3502	0	 161.28	 1	-1 	0
2025-11-08 12:40:10	 820	 1994	3500	0	 161.28	 -3	0 	0
2025-11-08 12:40:11	 855	 1960	3512	0	 115.58	 -1	0 	0
2025-11-08 12:40:13	 933	 2063	3545	0	 4.83	 0	0 	0
2025-11-08 12:40:23	 1268	 2051	3548	0	 349.01	 -1	0 	0
2025-11-08 12:40:25	 1335	 2181	3523	0	 354.29	 2	-1 	0
2025-11-08 12:40:26	 1370	 2220	3515	-64	 354.29	 0	-1 	0
2025-11-08 12:40:27	 1415	 2296	3442	-64	 315.62	 5	-6 	0
2025-11-08 12:40:28	 1450	 2362	3377	-64	 310.34	 0	-1 	0
2025-11-08 12:40:30	 1516	 2326	3336	-64	 233.00	 -1	-1 	0
2025-11-08 12:40:31	 1551	 2331	3224	-64	 276.94	 0	-8 	0
2025-11-08 12:40:35	 1695	 2326	3241	-64	 115.58	 -3	4 	0
2025-11-08 12:40:36	 1730	 2304	3318	-64	 177.10	 0	0 	0
2025-11-08 12:40:37	 1765	 2142	3329	-64	 143.70	 -3	0 	0
2025-11-08 12:40:39	 1824	 2128	3424	-16	 108.54	 -1	5 	0
2025-11-08 12:40:42	 1944	 2116	3551	0	 13.62	 1	0 	0
2025-11-08 12:40:43	 1979	 2266	3565	-64	 13.62	 1	0 	0
2025-11-08 12:40:45	 2044	 2290	3503	-64	 303.31	 1	-4 	0
2025-11-08 12:40:46	 2079	 2345	3408	-64	 259.37	 0	-1 	0
2025-11-08 12:40:47	 2123	 2327	3406	-64	 166.20	 -4	0 	0
2025-11-08 12:40:48	 2158	 2218	3382	-64	 206.63	 -7	-4 	0
2025-11-08 12:40:49	 2193	 2128	3316	-64	 141.59	 0	-1 	0
2025-11-08 12:40:50	 2235	 2128	3392	-32	 106.44	 -1	6 	0
2025-11-08 12:40:51	 2270	 2117	3551	0	 69.52	 -1	0 	0
2025-11-08 12:40:53	 2348	 2126	3551	0	 9.76	 0	0 	0
2025-11-08 12:40:54	 2383	 2262	3569	-64	 9.76	 2	-1 	0
2025-11-08 12:40:55	 2418	 2272	3540	-64	 325.81	 0	-1 	0
2025-11-08 12:40:57	 2473	 2310	3456	-64	 294.17	 2	-7 	0
2025-11-08 12:40:58	 2508	 2356	3352	-64	 269.56	 0	-1 	0
2025-11-08 12:40:59	 2543	 2339	3296	-64	 259.01	 -2	-1 	0
2025-11-08 12:41:00	 2578	 2313	3227	-64	 331.08	 -1	-1 	0
2025-11-08 12:41:01	 2617	 2343	3217	-64	 348.66	 3	-1 	0
2025-11-08 12:41:02	 2652	 2522	3210	0	 348.66	 7	-2 	0
2025-11-08 12:41:05	 2767	 2663	3177	0	 216.83	 -3	-3 	0
2025-11-08 12:41:06	 2802	 2613	3140	0	 153.54	 -1	-1 	0
2025-11-08 12:41:10	 2923	 2610	3134	0	 67.41	 -1	-1 	0
2025-11-08 12:41:11	 2977	 2629	3182	0	 67.41	 2	5 	0
2025-11-08 12:41:13	 3019	 2671	3290	0	 46.32	 0	2 	0
2025-11-08 12:41:14	 3054	 2735	3384	0	 32.26	 0	0 	3
2025-11-08 12:41:18	 3190	 2760	3352	96	 302.96	 3	-6 	0
2025-11-08 12:41:19	 3225	 2815	3266	96	 317.02	 0	-1 	0
2025-11-08 12:41:21	 3323	 2881	3305	96	 32.61	 5	3 	0
2025-11-08 12:41:22	 3358	 2954	3352	96	 143.35	 0	0 	0
2025-11-08 12:41:24	 3433	 2959	3353	96	 67.76	 -1	0 	0
2025-11-08 12:41:25	 3468	 3001	3468	96	 67.76	 1	4 	0
2025-11-08 12:41:26	 3503	 3020	3515	96	 11.51	 0	0 	0
2025-11-08 12:41:30	 3611	 3006	3519	96	 327.57	 -1	0 	0
2025-11-08 12:41:31	 3646	 3099	3452	96	 336.36	 0	-1 	0
2025-11-08 12:41:32	 3707	 3105	3444	96	 343.39	 -1	-1 	0
2025-11-08 12:41:37	 3886	 3095	3440	96	 283.62	 0	-3 	0
2025-11-08 12:41:38	 3921	 3116	3344	96	 336.36	 0	-1 	0
2025-11-08 12:41:39	 3956	 3269	3273	112	 336.36	 7	-4 	0
2025-11-08 12:41:40	 3991	 3490	3177	0	 34.37	 2	-1 	0
2025-11-08 12:41:41	 4026	 3529	3227	0	 73.04	 1	6 	0
2025-11-08 12:41:43	 4077	 3544	3247	0	 197.23	 0	0 	0
2025-11-08 12:41:48	 4230	 1958	3488	0	 29.88	 0	0 	0
2025-11-08 12:41:49	 4270	 2046	3515	0	 17.58	 6	2 	0
2025-11-08 12:41:50	 4305	 2063	3544	0	 17.58	 0	0 	0
2025-11-08 12:41:54	 4415	 2160	3517	0	 344.18	 1	-1 	0
2025-11-08 12:41:55	 4468	 2162	3515	0	 347.70	 -1	0 	0
2025-11-08 12:41:57	 4528	 2121	3525	0	 356.48	 -2	0 	0
2025-11-08 12:42:01	 4663	 2115	3525	0	 338.91	 2	-1 	0
2025-11-08 12:42:02	 4698	 2157	3520	0	 14.06	 4	1 	0
2025-11-08 12:42:03	 4763	 2272	3542	-64	 340.66	 1	-2 	0
2025-11-08 12:42:04	 4798	 2407	3457	-64	 38.67	 1	-1 	0
2025-11-08 12:42:09	 4941	 2408	3453	-64	 168.75	 -4	0 	0
2025-11-08 12:42:10	 4976	 2285	3477	-64	 117.77	 -1	0 	0
2025-11-08 12:42:11	 5011	 2199	3615	-64	 140.62	 -2	0 	0
2025-11-08 12:42:12	 5046	 2152	3590	-64	 214.45	 -5	-4 	0
2025-11-08 12:42:14	 5130	 2258	3580	-64	 353.32	 6	-1 	0
2025-11-08 12:42:15	 5173	 2270	3550	-64	 312.89	 1	-6 	0
2025-11-08 12:42:16	 5208	 2306	3468	-64	 283.01	 0	-2 	0
2025-11-08 12:42:17	 5243	 2338	3327	-64	 279.49	 0	-6 	0
2025-11-08 12:42:18	 5278	 2366	3296	-64	 260.16	 0	0 	0
2025-11-08 12:42:19	 5319	 2314	3291	-64	 217.97	 -4	-1 	0
2025-11-08 12:42:20	 5354	 2315	3233	-64	 283.01	 1	-7 	0
2025-11-08 12:42:22	 5406	 2348	3217	-64	 3.87	 4	0 	0
2025-11-08 12:42:23	 5441	 2604	3234	0	 3.87	 8	0 	0
2025-11-08 12:42:27	 5595	 2670	3283	0	 91.76	 -1	6 	0
2025-11-08 12:42:28	 5630	 2667	3389	0	 91.76	 -1	6 	0
2025-11-08 12:42:29	 5665	 2661	3560	0	 121.64	 -1	1 	0
2025-11-08 12:42:30	 5700	 2651	3571	0	 177.89	 -4	0 	0
2025-11-08 12:42:31	 5735	 2560	3564	0	 214.80	 0	-1 	0
2025-11-08 12:42:32	 5770	 2560	3527	0	 184.92	 0	-1 	0
2025-11-08 12:42:34	 5833	 2565	3608	0	 86.48	 0	7 	0
2025-11-08 12:42:37	 5954	 2518	3749	0	 190.20	 -7	-2 	0
2025-11-08 12:42:38	 5989	 2397	3727	0	 190.20	 -6	-2 	0
2025-11-08 12:42:39	 6024	 2226	3697	0	 190.20	 -2	-1 	0
2025-11-08 12:42:40	 6059	 2047	3664	0	 195.47	 -6	-2 	0
2025-11-08 12:42:41	 6094	 1987	3654	0	 300.94	 -1	-1 	0
2025-11-08 12:42:42	 6129	 2040	3600	0	 306.21	 1	0 	0
2025-11-08 12:42:44	 6166	 2057	3600	0	 62.23	 0	0 	0
2025-11-08 12:42:45	 6201	 2104	3737	0	 35.86	 1	2 	0
2025-11-08 12:42:48	 6305	 2138	3736	0	 316.76	 2	-3 	0
2025-11-08 12:42:49	 6340	 2253	3664	0	 322.03	 0	0 	0
2025-11-08 12:42:50	 6375	 2336	3664	0	 0.70	 5	0 	0
2025-11-08 12:42:51	 6410	 2401	3665	0	 309.73	 0	0 	0
2025-11-08 12:42:53	 6500	 2359	3664	0	 195.47	 -2	0 	0
2025-11-08 12:42:56	 6603	 2348	3664	-8	 2.46	 1	0 	0
2025-11-08 12:42:57	 6638	 2569	3673	0	 2.46	 8	0 	0
2025-11-08 12:43:02	 6812	 2670	3657	0	 265.78	 -1	-5 	0
2025-11-08 12:43:03	 6847	 2656	3474	0	 265.78	 -1	-7 	0
2025-11-08 12:43:04	 6882	 2651	3399	0	 278.09	 -1	-1 	0
2025-11-08 12:43:06	 6968	 2687	3388	0	 350.16	 0	-1 	0
2025-11-08 12:43:14	 7235	 2687	3384	0	 5.98	 -2	-1 	0
2025-11-08 12:43:15	 7270	 2571	3371	0	 5.98	 0	0 	0
2025-11-08 12:43:16	 7305	 2665	3381	0	 5.98	 0	0 	0
2025-11-08 12:43:21	 7467	 2632	3386	0	 353.67	 -6	0 	0
2025-11-08 12:43:22	 7502	 2629	3388	0	 353.67	 6	-1 	0
2025-11-08 12:43:23	 7537	 2687	3374	0	 353.67	 0	-1 	0
2025-11-08 12:43:27	 7680	 2650	3324	0	 279.84	 -1	-1 	0
2025-11-08 12:43:28	 7737	 2599	3281	0	 39.38	 -5	-4 	0
2025-11-08 12:43:29	 7772	 2560	3244	0	 39.38	 0	-1 	0
2025-11-08 12:43:30	 7807	 2718	3373	0	 39.38	 6	5 	3
2025-11-08 12:43:36	 8015	 2761	3384	96	 315.00	 3	-4 	0
2025-11-08 12:43:37	 8050	 2839	3319	96	 9.49	 3	0 	0
2025-11-08 12:43:38	 8085	 3070	3355	96	 9.49	 7	1 	0
2025-11-08 12:43:39	 8120	 3352	3402	64	 9.49	 8	1 	0
2025-11-08 12:43:40	 8155	 3478	3397	0	 13.01	 3	-1 	0
2025-11-08 12:43:41	 8190	 3557	3407	16	 357.19	 4	-1 	0
2025-11-08 12:43:42	 8225	 3800	3391	112	 357.19	 7	-1 	0
2025-11-08 12:43:43	 8260	 3857	3377	112	 41.13	 -1	-1 	0
2025-11-08 12:43:46	 8368	 3861	3373	112	 176.48	 0	0 	0
2025-11-08 12:43:49	 8445	 3899	3333	112	 311.84	 2	-3 	0
2025-11-08 12:43:50	 8480	 4005	3214	112	 9.84	 0	-1 	0
2025-11-08 12:43:51	 8515	 4103	3208	112	 311.84	 0	-1 	0
2025-11-08 12:43:52	 8550	 4226	3071	112	 320.62	 2	-4 	0
2025-11-08 12:43:53	 8585	 4256	3038	112	 16.88	 0	-1 	0
2025-11-08 12:43:57	 8720	 4324	3044	112	 36.21	 0	0 	0
2025-11-08 12:44:01	 8887	 4358	3041	112	 350.51	 5	-1 	0
2025-11-08 12:44:02	 8922	 4603	3000	32	 350.51	 8	-2 	0
2025-11-08 12:44:03	 8957	 4655	2981	32	 34.45	 0	-1 	0
2025-11-08 12:44:06	 9037	 4653	2983	32	 139.92	 0	-2 	0
2025-11-08 12:44:10	 9200	 4655	2970	32	 141.68	 0	-1 	0
2025-11-08 12:44:12	 9258	 4590	3019	32	 141.68	 -6	4 	0
2025-11-08 12:44:13	 9293	 4436	3165	32	 141.68	 -1	1 	0
2025-11-08 12:44:14	 9328	 4312	3283	32	 141.68	 -2	1 	0
2025-11-08 12:44:15	 9363	 4243	3339	48	 141.68	 -2	1 	0
2025-11-08 12:44:16	 9399	 4226	3352	48	 180.35	 -1	-1 	0
2025-11-08 12:44:17	 9434	 4057	3351	72	 180.35	 -5	-1 	0
2025-11-08 12:44:18	 9469	 3913	3350	112	 157.50	 -1	-1 	0
2025-11-08 12:44:25	 9703	 3922	3366	112	 43.24	 3	3 	0
2025-11-08 12:44:26	 9738	 4109	3541	112	 43.24	 5	5 	0
2025-11-08 12:44:27	 9773	 4220	3646	112	 20.39	 0	0 	0
2025-11-08 12:44:29	 9846	 4258	3648	112	 352.27	 3	-1 	0
2025-11-08 12:44:30	 9881	 4340	3637	112	 352.27	 0	-1 	0
2025-11-08 12:44:33	 9997	 4371	3637	112	 2.81	 4	0 	0
2025-11-08 12:44:34	 10032	 4560	3646	32	 15.12	 1	0 	0
2025-11-08 12:44:35	 10067	 4607	3710	32	 64.34	 2	6 	0
2025-11-08 12:44:36	 10102	 4642	3759	32	 150.47	 0	0 	0
2025-11-08 12:44:38	 10180	 4573	3581	32	 247.15	 -2	-6 	0
2025-11-08 12:44:39	 10215	 4512	3531	32	 176.84	 -3	0 	0
2025-11-08 12:44:41	 10270	 4495	3536	32	 168.05	 -2	0 	0
2025-11-08 12:44:42	 10305	 4424	3544	32	 208.48	 -1	-1 	0
2025-11-08 12:44:43	 10340	 4333	3453	32	 208.48	 -5	-4 	0
2025-11-08 12:44:44	 10375	 4289	3417	32	 208.48	 -1	-1 	0
2025-11-08 12:44:47	 10486	 4383	3361	32	 331.52	 5	-4 	0
2025-11-08 12:44:48	 10521	 4495	3369	88	 24.26	 5	0 	0
2025-11-08 12:44:49	 10556	 4657	3423	112	 322.73	 0	0 	0
2025-11-08 12:44:53	 10681	 4654	3433	112	 162.77	 -5	1 	0
2025-11-08 12:44:54	 10716	 4549	3466	112	 224.30	 -1	0 	0
2025-11-08 12:44:55	 10768	 4557	3427	112	 296.37	 0	-3 	0
2025-11-08 12:44:56	 10803	 4569	3404	112	 354.38	 2	-1 	0
2025-11-08 12:45:02	 11028	 4664	3403	112	 122.70	 -3	3 	0
2025-11-08 12:45:03	 11063	 4641	3439	112	 82.27	 -1	0 	0
2025-11-08 12:45:04	 11098	 4655	3542	32	 115.66	 0	1 	0
2025-11-08 12:45:06	 11136	 4653	3559	32	 124.45	 -2	2 	0
2025-11-08 12:45:07	 11171	 4597	3640	32	 99.84	 -1	0 	0
2025-11-08 12:45:09	 11243	 4573	3758	32	 229.92	 -2	-2 	0
2025-11-08 12:45:10	 11278	 4519	3680	32	 245.74	 -3	-6 	0
2025-11-08 12:45:11	 11313	 4431	3519	32	 233.44	 -1	-2 	0
2025-11-08 12:45:12	 11348	 4316	3391	32	 233.44	 -4	-5 	0
2025-11-08 12:45:13	 11383	 4284	3348	48	 263.32	 -1	-1 	0
2025-11-08 12:45:14	 11418	 4266	3216	32	 263.32	 -1	-1 	0
2025-11-08 12:45:16	 11507	 4253	3222	32	 122.70	 -2	2 	0
2025-11-08 12:45:17	 11542	 4138	3401	32	 120.94	 0	0 	0
2025-11-08 12:45:18	 11585	 4165	3427	32	 57.66	 1	2 	0
2025-11-08 12:45:19	 11620	 4241	3503	32	 54.14	 0	0 	0
2025-11-08 12:45:21	 11660	 4274	3493	32	 336.80	 4	-3 	0
2025-11-08 12:45:22	 11695	 4357	3417	32	 313.95	 4	-5 	0
2025-11-08 12:45:23	 11730	 4432	3345	64	 36.56	 1	1 	0
2025-11-08 12:45:24	 11767	 4483	3375	80	 8.44	 2	0 	0
2025-11-08 12:45:25	 11802	 4671	3398	112	 8.44	 0	0 	0
2025-11-08 12:45:26	 11838	 4633	3393	112	 8.44	 -1	-1 	0
2025-11-08 12:45:27	 11873	 4671	3402	112	 8.44	 0	0 	0
2025-11-08 12:45:28	 11909	 4656	3396	112	 13.71	 -1	-1 	0
2025-11-08 12:45:29	 11961	 4786	3427	112	 26.02	 2	0 	0
2025-11-08 12:45:32	 12056	 4705	3410	112	 193.01	 -8	-2 	0
2025-11-08 12:45:33	 12091	 4616	3389	112	 265.08	 -1	-1 	0
2025-11-08 12:45:33	 12091	 4616	3389	112	 265.08	 -1	-1 	0
2025-11-08 12:45:34	 12126	 4605	3300	112	 298.48	 -1	-2 	0
2025-11-08 12:45:35	 12161	 4671	3269	112	 349.45	 0	-2 	0
2025-11-08 12:45:37	 12236	 4780	3263	112	 326.60	 1	-1 	0
2025-11-08 12:45:38	 12271	 4800	3262	112	 275.62	 0	-1 	0
2025-11-08 12:45:41	 12388	 4757	3122	112	 233.44	 -1	-2 	0
2025-11-08 12:45:43	 12443	 4751	3104	112	 261.56	 -1	-1 	0
2025-11-08 12:45:44	 12478	 4726	2930	112	 261.56	 -1	-3 	0
2025-11-08 12:45:45	 12513	 4722	2907	112	 196.52	 -1	-1 	0
2025-11-08 12:45:46	 12557	 4558	2858	112	 187.73	 -4	-1 	0
2025-11-08 12:45:47	 12592	 4404	2853	112	 177.19	 -8	0 	0
2025-11-08 12:45:48	 12627	 4120	2867	112	 177.19	 -9	0 	0
2025-11-08 12:45:50	 12707	 3567	3759	68	 270.00	 -1	0 	0
2025-11-08 12:45:54	 12823	 3440	3708	0	 208.48	 -7	-4 	0
2025-11-08 12:45:55	 12858	 3257	3611	0	 168.05	 -2	-1 	0
2025-11-08 12:45:56	 12893	 3222	3609	0	 103.01	 -1	0 	0
2025-11-08 12:45:58	 12975	 3297	3564	0	 329.41	 6	-4 	0
2025-11-08 12:45:59	 13010	 3487	3472	0	 292.50	 1	0 	0
2025-11-08 12:46:00	 13045	 3481	3382	0	 250.31	 -1	-3 	0
2025-11-08 12:46:01	 13080	 3434	3351	16	 188.79	 -6	-2 	0
2025-11-08 12:46:02	 13115	 3248	3319	96	 127.27	 -2	-1 	0
2025-11-08 12:46:03	 13150	 3217	3268	112	 71.02	 -2	-5 	0
2025-11-08 12:46:04	 13185	 3172	3142	0	 71.02	 -1	-1 	0
2025-11-08 12:46:50	 14765	 1949	3491	0	 12.30	 4	0 	0
2025-11-08 12:46:51	 14800	 2063	3526	0	 12.30	 0	0 	0
2025-11-08 12:46:53	 14853	 2102	3526	0	 347.70	 1	-1 	0
2025-11-08 12:46:54	 14896	 2112	3526	0	 342.42	 -1	0 	0
2025-11-08 12:46:58	 15039	 2104	3531	0	 316.05	 0	0 	0
2025-11-08 12:47:00	 15093	 2233	3406	-35	 321.33	 5	-6 	0
2025-11-08 12:47:01	 15128	 2304	3335	-64	 17.58	 -1	-1 	0
2025-11-08 12:47:03	 15193	 2310	3331	-64	 33.40	 2	1 	0
2025-11-08 12:47:04	 15228	 2468	3435	-64	 66.80	 1	1 	0
2025-11-08 12:47:05	 15263	 2465	3515	-64	 108.98	 -1	2 	0
2025-11-08 12:47:06	 15298	 2459	3604	-64	 82.62	 0	2 	0
2025-11-08 12:47:07	 15356	 2427	3564	-64	 235.55	 -4	-6 	0
2025-11-08 12:47:08	 15391	 2332	3409	-64	 235.55	 -4	-6 	0
2025-11-08 12:47:09	 15426	 2289	3344	-64	 279.49	 -1	-1 	0
2025-11-08 12:47:10	 15464	 2310	3282	-64	 286.52	 1	-4 	0
2025-11-08 12:47:11	 15499	 2342	3216	-64	 5.62	 3	0 	0
2025-11-08 12:47:12	 15534	 2574	3239	0	 3.87	 5	0 	0
2025-11-08 12:47:13	 15569	 2632	3245	0	 261.91	 0	0 	0
2025-11-08 12:47:18	 15725	 2641	3364	0	 86.13	 0	7 	0
2025-11-08 12:47:19	 15760	 2620	3500	0	 137.11	 -5	4 	0
2025-11-08 12:47:20	 15795	 2560	3640	0	 137.11	 -1	4 	0
2025-11-08 12:47:21	 15830	 2520	3736	0	 191.60	 -1	0 	0
2025-11-08 12:47:22	 15881	 2522	3744	0	 191.60	 0	0 	0
2025-11-08 12:47:25	 15973	 2464	3726	0	 196.88	 -7	-2 	0
2025-11-08 12:47:26	 16008	 2220	3664	0	 189.84	 -4	0 	0
2025-11-08 12:47:27	 16043	 2184	3664	0	 75.59	 -1	0 	0
2025-11-08 12:47:29	 16117	 2232	3698	0	 26.37	 0	0 	0
2025-11-08 12:47:30	 16152	 2359	3759	0	 26.37	 5	0 	0
2025-11-08 12:47:31	 16187	 2490	3758	0	 328.36	 2	-2 	0
2025-11-08 12:47:32	 16222	 2633	3675	0	 287.93	 1	-1 	0
2025-11-08 12:47:33	 16257	 2634	3625	0	 236.95	 -1	-3 	0
2025-11-08 12:47:34	 16292	 2630	3604	0	 159.61	 -1	-1 	0
2025-11-08 12:47:35	 16334	 2528	3700	0	 147.30	 -4	3 	0
2025-11-08 12:47:36	 16369	 2453	3713	0	 207.07	 -6	-3 	0
2025-11-08 12:47:37	 16404	 2338	3638	-8	 200.04	 2	0 	0
2025-11-08 12:47:39	 16483	 2351	3653	-8	 101.60	 -1	2 	0
2025-11-08 12:47:40	 16518	 2310	3759	0	 101.60	 -2	0 	0
2025-11-08 12:47:42	 16572	 2301	3756	0	 315.70	 1	-2 	0
2025-11-08 12:47:43	 16607	 2410	3703	0	 352.62	 6	-2 	0
2025-11-08 12:47:44	 16642	 2587	3678	0	 280.55	 0	-1 	0
2025-11-08 12:47:45	 16677	 2622	3544	0	 280.55	 1	-8 	0
2025-11-08 12:47:46	 16712	 2652	3387	0	 324.49	 0	-2 	0
2025-11-08 12:47:47	 16747	 2711	3399	0	 24.26	 6	2 	3
2025-11-08 12:47:52	 16923	 2746	3389	96	 306.91	 2	-4 	3
2025-11-08 12:47:53	 16958	 2846	3257	96	 343.83	 0	-1 	0
2025-11-08 12:47:57	 17114	 2869	3257	96	 27.77	 4	2 	0
2025-11-08 12:47:58	 17149	 3016	3334	96	 8.44	 4	2 	0
2025-11-08 12:47:59	 17184	 3238	3382	96	 8.44	 8	1 	0
2025-11-08 12:48:00	 17219	 3447	3398	14	 345.59	 5	-2 	0
2025-11-08 12:48:01	 17254	 3616	3356	48	 50.62	 1	-1 	0
2025-11-08 12:48:02	 17289	 3721	3396	96	 13.71	 5	1 	0
2025-11-08 12:48:03	 17324	 3853	3428	112	 294.61	 0	0 	0
2025-11-08 12:48:05	 17378	 3869	3428	112	 236.60	 0	-1 	0
2025-11-08 12:48:06	 17413	 3884	3427	112	 182.11	 0	-1 	0
2025-11-08 12:48:10	 17553	 3882	3429	112	 329.77	 -1	0 	0
2025-11-08 12:48:11	 17596	 3965	3366	104	 6.68	 0	-1 	0
2025-11-08 12:48:13	 17644	 3993	3363	96	 8.44	 4	0 	0
2025-11-08 12:48:14	 17679	 4161	3376	32	 3.16	 2	0 	0
2025-11-08 12:48:16	 17771	 4210	3370	32	 349.10	 5	-2 	0
2025-11-08 12:48:17	 17806	 4388	3335	32	 291.09	 1	-1 	0
2025-11-08 12:48:21	 17924	 4433	3374	64	 41.48	 0	0 	0
2025-11-08 12:48:22	 17959	 4502	3376	112	 1.05	 6	0 	0
2025-11-08 12:48:23	 18008	 4655	3391	112	 27.42	 0	2 	0
2025-11-08 12:48:24	 18043	 4671	3434	112	 11.60	 0	0 	0
2025-11-08 12:48:26	 18115	 4699	3433	112	 336.45	 0	-1 	0
2025-11-08 12:48:28	 18192	 4791	3410	112	 99.49	 -1	1 	0
2025-11-08 12:48:29	 18227	 4791	3460	112	 95.98	 -1	5 	0
2025-11-08 12:48:30	 18262	 4776	3628	112	 139.92	 -1	0 	0
2025-11-08 12:48:33	 18351	 4771	3651	112	 106.52	 -2	3 	0
2025-11-08 12:48:34	 18386	 4718	3829	112	 150.47	 -1	1 	0
2025-11-08 12:48:35	 18421	 4712	3845	112	 166.29	 -2	0 	0
2025-11-08 12:48:36	 18456	 4502	3896	112	 178.59	 -6	1 	0
2025-11-08 12:48:37	 18491	 4314	3891	112	 189.14	 -8	-2 	0
2025-11-08 12:48:38	 18526	 4224	3869	112	 204.96	 0	-1 	0
2025-11-08 12:48:42	 18661	 4308	3816	112	 262.97	 0	0 	0
2025-11-08 12:48:43	 18696	 4296	3816	112	 257.70	 -1	-1 	0
2025-11-08 12:48:44	 18747	 4288	3817	112	 264.73	 -1	0 	0
2025-11-08 12:48:53	 19044	 4360	3722	112	 315.70	 2	-3 	0
2025-11-08 12:48:54	 19079	 4451	3689	47	 357.89	 4	-1 	0
2025-11-08 12:48:55	 19114	 4587	3681	32	 289.34	 0	-1 	0
2025-11-08 12:48:59	 19255	 4607	3704	32	 59.06	 2	4 	0
2025-11-08 12:49:01	 19346	 4618	3719	32	 234.49	 -2	-2 	0
2025-11-08 12:49:02	 19381	 4586	3651	32	 253.83	 -2	-7 	0
2025-11-08 12:49:03	 19416	 4543	3575	32	 192.30	 -5	-2 	0
2025-11-08 12:49:04	 19451	 4424	3544	32	 225.70	 -1	-1 	0
2025-11-08 12:49:05	 19486	 4326	3443	32	 225.70	 -2	-2 	0
2025-11-08 12:49:06	 19521	 4297	3414	32	 262.62	 -1	-1 	0
2025-11-08 12:49:07	 19561	 4312	3302	32	 281.95	 0	-6 	0
2025-11-08 12:49:08	 19596	 4327	3256	32	 327.66	 2	-2 	0
2025-11-08 12:49:09	 19631	 4499	3138	32	 320.62	 5	-5 	0
2025-11-08 12:49:10	 19666	 4655	2985	32	 304.80	 0	-2 	0
2025-11-08 12:49:12	 19719	 4654	2972	32	 146.60	 -2	1 	0
2025-11-08 12:49:13	 19754	 4588	2995	32	 153.63	 -2	0 	0
2025-11-08 12:49:14	 19789	 4519	3062	32	 129.02	 -5	5 	0
2025-11-08 12:49:15	 19824	 4342	3282	32	 129.02	 -6	6 	0
2025-11-08 12:49:16	 19859	 4235	3386	48	 180.00	 -6	0 	0
2025-11-08 12:49:17	 19894	 4060	3357	72	 180.00	 -7	-2 	0
2025-11-08 12:49:18	 19929	 3914	3346	112	 199.34	 -1	-1 	0
2025-11-08 12:49:20	 20000	 3935	3329	112	 329.41	 3	-3 	0
2025-11-08 12:49:21	 20035	 4081	3218	112	 320.62	 6	-5 	0
2025-11-08 12:49:22	 20070	 4185	3124	112	 308.32	 2	-4 	0
2025-11-08 12:49:23	 20105	 4335	2944	112	 308.32	 0	-1 	0
2025-11-08 12:49:25	 20167	 4349	2793	112	 318.87	 0	-3 	0
2025-11-08 12:49:26	 20202	 4353	2772	112	 78.40	 0	-1 	0
2025-11-08 12:49:29	 20316	 4377	2782	112	 22.15	 4	1 	0
2025-11-08 12:49:30	 20351	 4610	2878	112	 22.15	 7	3 	0
2025-11-08 12:49:31	 20386	 4807	2965	112	 37.97	 0	0 	0
2025-11-08 12:49:33	 20449	 4805	3031	112	 92.46	 -1	6 	0
2025-11-08 12:49:34	 20484	 4795	3261	112	 122.34	 -1	2 	0
2025-11-08 12:49:35	 20519	 4712	3312	112	 164.53	 0	0 	0
2025-11-08 12:49:36	 20581	 4650	3323	112	 173.32	 -4	0 	0
2025-11-08 12:49:37	 20616	 4614	3327	112	 139.92	 -1	0 	0
2025-11-08 12:49:40	 20714	 4550	3460	112	 115.31	 -2	3 	0
2025-11-08 12:49:52	 21121	 4532	3499	112	 115.31	 -1	0 	0
2025-11-08 12:54:36	 31051	 4541	3448	112	 280.20	 0	-1 	0
2025-11-08 12:54:38	 31146	 4549	3463	112	 76.64	 0	1 	0
2025-11-08 12:54:42	 31279	 4557	3463	112	 287.58	 1	-4 	0
2025-11-08 12:54:43	 31314	 4612	3291	112	 317.46	 0	-2 	0
2025-11-08 12:54:44	 31349	 4671	3271	112	 356.13	 0	-1 	0
2025-11-08 12:54:46	 31402	 4788	3262	112	 315.70	 1	-1 	0
2025-11-08 12:54:47	 31437	 4800	3243	112	 255.94	 -2	-5 	0
2025-11-08 12:54:48	 31472	 4742	3012	112	 255.94	 -1	-4 	0
2025-11-08 12:54:49	 31507	 4703	2855	112	 240.12	 -1	-3 	0
2025-11-08 12:54:50	 31542	 4698	2833	112	 192.66	 -1	-1 	0
2025-11-08 12:54:51	 31577	 4521	2793	112	 183.87	 -3	-1 	0
2025-11-08 12:54:52	 31612	 4348	2777	112	 175.08	 -5	-1 	0
2025-11-08 12:54:53	 31647	 4142	2808	112	 168.05	 -8	1 	0
2025-11-08 12:55:03	 32018	 3539	3639	112	 243.28	 -3	-6 	0
2025-11-08 12:55:04	 32053	 3472	3505	0	 283.71	 -1	-1 	0
2025-11-08 12:55:05	 32088	 3494	3392	0	 283.71	 0	-4 	0
2025-11-08 12:55:06	 32123	 3501	3361	0	 2.81	 0	-1 	0
2025-11-08 12:55:07	 32158	 3715	3371	96	 2.81	 8	0 	0
2025-11-08 12:55:08	 32193	 3889	3379	112	 8.09	 1	0 	0
2025-11-08 12:55:09	 32228	 3913	3382	112	 23.91	 2	1 	0
2025-11-08 12:55:10	 32263	 4079	3487	112	 23.91	 5	5 	0
2025-11-08 12:55:11	 32298	 4174	3586	112	 36.21	 2	2 	0
2025-11-08 12:55:12	 32333	 4282	3667	112	 62.58	 0	0 	0
2025-11-08 12:55:13	 32368	 4331	3775	112	 69.61	 1	0 	0
2025-11-08 12:55:15	 32447	 4310	3902	112	 131.13	 -1	1 	0
2025-11-08 12:55:19	 32557	 4371	3884	112	 336.80	 6	-3 	0
2025-11-08 12:55:20	 32592	 4508	3832	112	 357.89	 0	0 	0
2025-11-08 12:55:21	 32627	 4527	3824	112	 356.13	 0	-1 	0
2025-11-08 12:55:22	 32665	 4544	3881	112	 64.69	 2	6 	0
2025-11-08 12:55:23	 32700	 4598	3911	112	 13.71	 4	0 	0
2025-11-08 12:55:24	 32735	 4740	3911	112	 308.67	 0	0 	0
2025-11-08 12:55:25	 32774	 4752	3894	112	 282.30	 0	-5 	0
2025-11-08 12:55:26	 32809	 4799	3672	112	 282.30	 0	-1 	0
2025-11-08 12:55:27	 32844	 4794	3645	112	 252.42	 -2	-5 	0
2025-11-08 12:55:28	 32879	 4730	3442	112	 252.42	 -2	-5 	0
2025-11-08 12:55:29	 32914	 4714	3394	112	 173.32	 -1	-1 	0
2025-11-08 12:55:31	 32997	 4647	3418	112	 175.08	 -2	0 	0
2025-11-08 12:55:33	 33059	 4634	3412	112	 255.94	 -1	-4 	0
2025-11-08 12:55:34	 33094	 4610	3313	112	 303.40	 -1	-1 	0
2025-11-08 12:55:35	 33129	 4671	3286	112	 342.07	 0	-2 	0
2025-11-08 12:55:36	 33164	 4672	3269	112	 342.07	 1	-2 	0
2025-11-08 12:55:37	 33199	 4785	3257	112	 291.09	 0	-1 	0
2025-11-08 12:55:38	 33234	 4802	3200	112	 277.03	 0	-7 	0
2025-11-08 12:55:39	 33269	 4806	3088	112	 236.60	 -2	-3 	0
2025-11-08 12:55:40	 33304	 4681	2893	112	 236.60	 -5	-7 	0
2025-11-08 12:55:41	 33339	 4635	2823	112	 171.56	 -1	-1 	0
2025-11-08 12:55:42	 33374	 4438	2850	112	 171.56	 -8	1 	0
2025-11-08 12:55:43	 33409	 4236	2879	112	 171.56	 -8	1 	0
2025-11-08 12:55:44	 33444	 4172	2887	112	 173.32	 -1	0 	0
2025-11-08 12:55:47	 33549	 4065	2887	112	 153.98	 -2	0 	0
2025-11-08 12:55:52	 33740	 3545	3646	112	 257.70	 -2	-8 	0
2025-11-08 12:55:53	 33775	 3496	3643	0	 257.70	 -2	-6 	0
2025-11-08 12:55:54	 33810	 3447	3643	0	 278.79	 -1	-3 	0
2025-11-08 12:55:55	 33845	 3472	3643	0	 282.30	 1	-8 	0
2025-11-08 12:55:56	 33880	 3504	3642	0	 262.97	 0	-1 	0
2025-11-08 12:55:57	 33915	 3490	3468	0	 262.97	 -1	-8 	0
2025-11-08 12:55:58	 33950	 3473	3332	0	 333.28	 -1	-1 	0
2025-11-08 12:55:59	 33985	 3576	3312	32	 350.86	 3	-1 	0
2025-11-08 12:56:00	 34020	 3776	3305	112	 354.38	 4	-1 	0
2025-11-08 12:56:01	 34055	 3826	3300	112	 85.78	 0	-1 	0
2025-11-08 12:56:08	 34271	 3946	3254	112	 338.91	 7	-3 	0
2025-11-08 12:56:09	 34306	 4135	3176	112	 312.54	 0	-1 	0
2025-11-08 12:56:10	 34341	 4212	3093	112	 312.54	 0	-1 	0
2025-11-08 12:56:16	 34573	 4241	3091	112	 15.47	 4	1 	0
2025-11-08 12:56:17	 34608	 4328	3115	112	 73.48	 0	0 	0
2025-11-08 12:56:20	 34701	 4327	3050	112	 259.45	 -1	-4 	0
2025-11-08 12:56:21	 34736	 4295	2944	112	 254.18	 -1	0 	0
2025-11-08 12:56:22	 34771	 4275	2901	112	 254.18	 -2	-6 	0
2025-11-08 12:56:23	 34806	 4235	2769	112	 234.84	 -1	-1 	0
2025-11-08 12:56:28	 34970	 4250	2766	112	 16.88	 4	1 	0
2025-11-08 12:56:29	 35005	 4491	2839	112	 16.88	 7	2 	0
2025-11-08 12:56:30	 35040	 4696	2901	112	 60.82	 1	0 	0
2025-11-08 12:56:36	 35258	 4709	2907	112	 132.89	 -2	1 	0
2025-11-08 12:56:37	 35293	 4572	3054	32	 132.89	 -3	2 	0
2025-11-08 12:56:38	 35328	 4466	3168	32	 132.89	 -6	5 	0
2025-11-08 12:56:39	 35363	 4341	3260	32	 132.89	 -4	3 	0
2025-11-08 12:56:40	 35398	 4293	3310	32	 132.89	 -4	3 	0
2025-11-08 12:56:41	 35433	 4247	3360	48	 132.89	 -1	0 	0
2025-11-08 12:56:46	 35627	 4164	3367	32	 184.22	 -5	-1 	0
2025-11-08 12:56:47	 35662	 3954	3354	104	 184.22	 -3	-1 	0
2025-11-08 12:56:48	 35697	 3891	3349	112	 175.43	 -1	-1 	0
2025-11-08 12:56:50	 35765	 3853	3357	112	 166.64	 -2	0 	0
2025-11-08 12:56:51	 35800	 3693	3395	98	 168.40	 -8	1 	0
2025-11-08 12:56:52	 35835	 3592	3401	46	 193.01	 -5	-2 	0
2025-11-08 12:56:53	 35870	 3442	3368	0	 193.01	 -6	-2 	0
2025-11-08 12:56:54	 35905	 3285	3331	80	 187.73	 -3	-1 	0
2025-11-08 12:56:55	 35940	 3260	3326	96	 68.20	 -1	-1 	0
2025-11-08 12:56:57	 35995	 3291	3390	80	 73.48	 0	1 	0
2025-11-08 12:56:58	 36030	 3315	3407	64	 73.48	 0	0 	0
2025-11-08 12:56:59	 36080	 3273	3408	112	 173.67	 -6	0 	0
2025-11-08 12:57:00	 36115	 3158	3416	112	 161.37	 -1	0 	0
2025-11-08 12:57:02	 36189	 3191	3428	112	 17.23	 2	0 	0
2025-11-08 12:57:03	 36224	 3240	3440	112	 357.89	 2	-1 	0
2025-11-08 12:57:04	 36259	 3332	3438	112	 357.89	 0	-1 	0
2025-11-08 12:57:07	 36346	 3347	3452	112	 66.45	 1	2 	0
2025-11-08 12:57:08	 36381	 3358	3474	112	 80.51	 0	0 	13
2025-11-08 12:57:10	 36453	 3360	3659	112	 89.30	 0	7 	13
2025-11-08 12:57:13	 36568	 2746	3074	40	 350.16	 1	0 	15
2025-11-08 12:57:15	 36622	 2761	3074	40	 227.11	 -2	-2 	15
2025-11-08 12:57:16	 36657	 2649	2954	40	 227.11	 -2	-2 	15
2025-11-08 12:57:17	 36715	 2679	2895	40	 309.73	 3	-4 	15
2025-11-08 12:57:21	 36849	 2713	2854	40	 283.36	 0	-1 	15
2025-11-08 12:57:24	 36941	 2717	2814	40	 274.57	 0	-1 	9
2025-11-08 12:57:31	 37181	 2723	2782	40	 281.60	 0	-4 	20
2025-11-08 12:57:32	 37216	 2729	2751	40	 344.88	 0	-1 	20
2025-11-08 12:57:33	 37270	 2895	2743	40	 357.19	 7	-1 	20
2025-11-08 12:57:34	 37305	 3117	2732	40	 344.88	 1	-1 	20
2025-11-08 12:57:41	 37553	 3023	2756	40	 165.59	 -1	0 	20
2025-11-08 12:57:43	 37612	 3000	2748	40	 213.05	 -4	-3 	20
2025-11-08 12:57:44	 37647	 2796	2616	-144	 253.48	 -6	-4 	0
2025-11-08 12:57:45	 37682	 2717	2457	-120	 260.51	 -2	-7 	0
2025-11-08 12:57:46	 37717	 2698	2398	-128	 286.88	 0	-3 	0
2025-11-08 12:57:47	 37752	 2740	2256	-144	 286.88	 0	0 	0
2025-11-08 12:57:49	 37837	 2748	2256	-144	 83.32	 0	0 	0
2025-11-08 12:57:55	 38041	 2617	2381	-144	 136.05	 -7	5 	0
2025-11-08 12:57:56	 38076	 2521	2423	-128	 208.12	 -6	-3 	0
2025-11-08 12:57:57	 38111	 2390	2396	-128	 164.18	 -7	1 	12
2025-11-08 12:57:58	 38146	 2320	2433	-144	 164.18	 0	0 	0
2025-11-08 12:58:01	 38245	 2296	2449	-144	 153.63	 0	0 	0
2025-11-08 12:58:03	 38320	 2306	2463	-144	 69.26	 1	0 	0
2025-11-08 12:58:04	 38355	 2342	2500	-144	 148.36	 0	0 	0
2025-11-08 12:58:08	 38470	 2296	2556	-144	 211.64	 -1	-2 	0
2025-11-08 12:58:21	 38957	 2296	2535	-144	 148.01	 -1	2 	0
2025-11-08 12:58:24	 39037	 2359	2560	-144	 184.92	 -4	-1 	0
2025-11-08 12:58:25	 39072	 2296	2551	-144	 184.92	 0	-1 	0
2025-11-08 12:58:27	 39143	 2296	2544	-144	 184.92	 0	-1 	0
2025-11-08 12:58:28	 39197	 2381	2542	-144	 179.65	 4	-1 	0
2025-11-08 12:58:29	 39232	 2300	2542	-144	 179.65	 -8	0 	0
2025-11-08 12:58:33	 39346	 2378	2542	-144	 179.65	 1	-1 	0
2025-11-08 12:58:36	 39468	 2396	2542	-144	 16.52	 1	0 	0
2025-11-08 12:58:37	 39503	 2528	2581	-144	 350.16	 1	0 	0
2025-11-08 12:58:38	 39538	 2636	2517	-144	 325.55	 5	-4 	0
2025-11-08 12:58:39	 39573	 2715	2464	-120	 344.88	 0	-1 	0
2025-11-08 12:58:43	 39704	 2631	2450	-144	 188.44	 -7	-1 	0
2025-11-08 12:58:44	 39739	 2523	2460	-128	 144.49	 -5	3 	0
2025-11-08 12:58:45	 39774	 2376	2561	-144	 195.47	 -1	0 	0
2025-11-08 12:58:46	 39809	 2320	2561	-144	 179.65	 -1	0 	0
2025-11-08 12:58:48	 39899	 2420	2560	-144	 202.50	 2	-1 	0
2025-11-08 12:58:49	 39934	 2444	2560	-144	 325.55	 0	-1 	0
2025-11-08 12:58:50	 39971	 2612	2473	-144	 332.58	 7	-4 	0
2025-11-08 12:58:51	 40006	 2783	2408	-144	 348.40	 6	-2 	0
2025-11-08 12:58:59	 40255	 2894	2384	-144	 348.40	 0	-1 	0
2025-11-08 12:59:00	 40290	 3007	2361	-128	 348.40	 7	-2 	0
2025-11-08 12:59:01	 40325	 3120	2346	-144	 11.25	 3	0 	0
2025-11-08 12:59:02	 40360	 3287	2377	-144	 337.85	 1	0 	0
2025-11-08 12:59:03	 40414	 3229	2292	-144	 235.90	 -4	-6 	0
2025-11-08 12:59:05	 40480	 3224	2320	-144	 82.97	 0	5 	0
2025-11-08 12:59:06	 40515	 3245	2447	-144	 60.12	 0	0 	0
2025-11-08 12:59:08	 40570	 3287	2432	-144	 349.80	 0	-1 	0
2025-11-08 12:59:09	 40615	 3287	2423	-144	 341.02	 0	-1 	0
2025-11-08 12:59:10	 40669	 3246	2310	-144	 249.61	 -3	-8 	0
2025-11-08 12:59:11	 40704	 3213	2288	-144	 195.12	 -1	0 	0
2025-11-08 12:59:13	 40754	 3089	2324	-128	 163.48	 -7	1 	0
2025-11-08 12:59:14	 40789	 2962	2362	-128	 166.99	 -2	0 	0
2025-11-08 12:59:15	 40824	 2872	2347	-144	 193.36	 -7	-2 	0
2025-11-08 12:59:16	 40859	 2604	2284	-144	 193.36	 -8	-2 	0
2025-11-08 12:59:17	 40894	 2515	2278	-128	 138.87	 -4	2 	0
2025-11-08 12:59:18	 40929	 2447	2334	-128	 138.87	 -1	0 	0
2025-11-08 12:59:20	 40988	 2384	2291	-128	 210.94	 -1	-3 	12
2025-11-08 12:59:22	 41079	 2409	2342	-128	 73.83	 1	6 	0
2025-11-08 12:59:23	 41114	 2462	2525	-144	 142.38	 0	1 	0
2025-11-08 12:59:24	 41149	 2415	2571	-144	 168.75	 -1	0 	0
2025-11-08 12:59:25	 41184	 2320	2573	-144	 181.05	 -1	-1 	0
2025-11-08 12:59:28	 41268	 2515	2577	-144	 181.05	 5	0 	0
2025-11-08 12:59:29	 41303	 2576	2578	-144	 270.70	 0	0 	0
2025-11-08 12:59:30	 41350	 2687	2555	-144	 348.05	 7	-2 	0
2025-11-08 12:59:31	 41385	 2884	2507	-144	 328.71	 4	-3 	0
2025-11-08 12:59:32	 41420	 3027	2424	-128	 277.73	 0	-1 	0
2025-11-08 12:59:33	 41455	 3005	2338	-128	 244.34	 -2	-4 	0
2025-11-08 12:59:34	 41490	 2993	2303	-128	 124.80	 -1	-1 	16
2025-11-08 12:59:38	 41619	 3055	2575	-144	 73.83	 0	9 	0
2025-11-08 12:59:39	 41654	 3096	2695	-144	 114.26	 0	0 	0
2025-11-08 12:59:40	 41694	 3059	2675	-144	 205.66	 -4	-2 	0
2025-11-08 12:59:41	 41729	 3020	2656	-144	 205.66	 -1	-1 	0
2025-11-08 12:59:42	 41784	 2753	2518	-120	 207.42	 -14	-8 	0
2025-11-08 12:59:43	 41819	 2384	2275	-128	 207.42	 0	-5 	0
2025-11-08 12:59:46	 41931	 2485	2292	-128	 19.69	 6	2 	12
2025-11-08 12:59:47	 41966	 2665	2356	-128	 19.69	 5	2 	0
2025-11-08 12:59:48	 42001	 2684	2363	-128	 19.69	 -3	-2 	11
2025-11-08 12:59:49	 42036	 2650	2348	-144	 10.90	 0	0 	0
2025-11-08 12:59:50	 42071	 2800	2376	-133	 10.90	 7	1 	0
2025-11-08 12:59:51	 42106	 3058	2426	-128	 348.05	 3	0 	0
2025-11-08 12:59:52	 42141	 3181	2408	-144	 348.05	 6	-2 	0
2025-11-08 12:59:54	 42208	 3284	2391	-144	 116.37	 -2	2 	0
2025-11-08 12:59:55	 42243	 3234	2447	-144	 149.77	 -1	0 	0
2025-11-08 12:59:57	 42302	 3243	2351	-144	 276.33	 0	-8 	0
2025-11-08 12:59:58	 42337	 3258	2288	-144	 276.33	 0	-1 	0
2025-11-08 12:59:59	 42372	 3266	2288	-144	 285.12	 0	0 	0
2025-11-08 13:00:03	 42502	 3268	2301	-144	 144.49	 -3	1 	0
2025-11-08 13:00:04	 42537	 3235	2325	-144	 77.70	 -1	0 	0
2025-11-08 13:00:06	 42603	 3287	2371	-144	 24.96	 0	1 	0
2025-11-08 13:00:07	 42655	 3284	2386	-144	 146.25	 -3	1 	0
2025-11-08 13:00:08	 42690	 3128	2447	-144	 146.25	 -6	0 	0
2025-11-08 13:00:09	 42725	 3064	2456	-128	 60.12	 -1	0 	0
2025-11-08 13:00:10	 42771	 3039	2500	-144	 91.76	 -1	0 	0
2025-11-08 13:00:11	 42806	 3055	2537	-144	 39.02	 0	3 	0
2025-11-08 13:00:12	 42841	 3055	2571	-144	 12.66	 0	0 	0
2025-11-08 13:00:14	 42884	 3055	2584	-144	 81.21	 0	2 	0
2025-11-08 13:00:15	 42944	 3071	2688	-144	 326.95	 3	-3 	0
2025-11-08 13:00:18	 43051	 3047	2663	-144	 161.72	 -7	2 	0
2025-11-08 13:00:19	 43086	 2902	2695	-144	 226.76	 -1	0 	0
2025-11-08 13:00:20	 43121	 2761	2553	-144	 226.76	 -5	-5 	0
2025-11-08 13:00:21	 43156	 2708	2491	-120	 239.06	 -1	-1 	0
2025-11-08 13:00:23	 43218	 2702	2469	-120	 258.40	 -1	-1 	0
2025-11-08 13:00:25	 43270	 2695	2435	-120	 258.40	 -2	-6 	0
2025-11-08 13:00:26	 43305	 2655	2256	-144	 258.40	 -1	-1 	0
2025-11-08 13:00:27	 43347	 2644	2256	-144	 351.56	 1	-1 	0
2025-11-08 13:00:28	 43382	 2861	2256	-144	 351.56	 8	-1 	0
2025-11-08 13:00:29	 43417	 3119	2256	-144	 351.56	 0	-1 	0
2025-11-08 13:00:31	 43488	 3131	2320	-144	 16.17	 0	0 	0
2025-11-08 13:00:32	 43523	 3245	2324	-144	 358.59	 7	-1 	0
When: 2025-11-08 13:01:23 Episode: 1 Map: 3
timestamp	 tic	 x	 y	 z	 angle	 momx	 momy
2025-11-08 13:01:24	 45315	 2910	2381	-144	 348.40	 2	-1 	0
2025-11-08 13:01:25	 45350	 3040	2354	-128	 348.40	 7	-2 	0
2025-11-08 13:01:26	 45385	 3166	2316	-144	 25.31	 0	-1 	19
2025-11-08 13:01:28	 45442	 3287	2386	-144	 111.45	 -1	1 	0
2025-11-08 13:01:29	 45491	 3228	2443	-144	 187.03	 -5	-1 	0
2025-11-08 13:01:30	 45526	 3180	2437	-144	 271.41	 -1	-1 	0
2025-11-08 13:01:32	 45592	 3172	2290	-144	 167.70	 -4	0 	0
2025-11-08 13:01:33	 45627	 2934	2342	-128	 167.70	 -8	1 	16
2025-11-08 13:01:34	 45662	 2643	2405	-137	 167.70	 -9	1 	0
2025-11-08 13:01:35	 45697	 2437	2444	-128	 174.73	 -7	0 	12
2025-11-08 13:01:36	 45732	 2296	2461	-144	 183.52	 0	0 	0
2025-11-08 13:01:39	 45818	 2381	2466	-144	 139.57	 0	0 	0
2025-11-08 13:01:41	 45919	 2303	2553	-144	 325.90	 2	-3 	0
2025-11-08 13:01:42	 45954	 2502	2416	-128	 325.90	 6	-5 	12
2025-11-08 13:01:43	 45989	 2714	2335	-128	 2.81	 7	-1 	0
2025-11-08 13:01:44	 46024	 3002	2344	-128	 2.81	 7	0 	0
2025-11-08 13:01:45	 46059	 3195	2356	-144	 2.81	 6	0 	0
2025-11-08 13:01:46	 46094	 3287	2364	-144	 2.81	 0	0 	0
2025-11-08 13:01:53	 46314	 3274	2370	-144	 168.05	 -5	0 	0
2025-11-08 13:01:54	 46349	 3133	2400	-144	 152.23	 -1	0 	0
2025-11-08 13:01:55	 46384	 3116	2429	-144	 106.52	 -1	2 	0
2025-11-08 13:01:56	 46419	 3086	2479	-144	 106.52	 -1	0 	0
2025-11-08 13:01:57	 46476	 3028	2463	-128	 197.93	 -7	-2 	0
2025-11-08 13:01:58	 46511	 2765	2378	-128	 197.93	 -9	-3 	11
2025-11-08 13:01:59	 46546	 2546	2308	-144	 182.11	 -2	-1 	0
2025-11-08 13:02:00	 46581	 2491	2339	-128	 136.41	 -2	1 	0
2025-11-08 13:02:01	 46616	 2448	2379	-128	 136.41	 -2	1 	0
2025-11-08 13:02:02	 46651	 2415	2410	-128	 60.82	 -1	0 	0
2025-11-08 13:02:06	 46794	 2435	2420	-128	 25.66	 0	0 	0
2025-11-08 13:02:08	 46863	 2382	2388	-128	 30.94	 -1	-1 	0
2025-11-08 13:02:20	 47260	 2366	2400	-128	 111.45	 -2	3 	0
2025-11-08 13:02:21	 47295	 2313	2536	-144	 141.33	 -1	0 	0
2025-11-08 13:02:23	 47377	 2322	2539	-144	 155.39	 3	-2 	0
2025-11-08 13:02:24	 47412	 2432	2489	-144	 76.29	 0	-1 	0
2025-11-08 13:02:26	 47465	 2480	2475	-144	 344.88	 5	-2 	0
2025-11-08 13:02:27	 47500	 2645	2430	-144	 357.19	 0	-1 	0
2025-11-08 13:02:28	 47535	 2667	2435	-144	 32.34	 3	2 	0
2025-11-08 13:02:29	 47570	 2878	2569	-144	 32.34	 7	4 	0
2025-11-08 13:02:30	 47605	 3030	2665	-144	 32.34	 0	0 	0
2025-11-08 13:02:31	 47640	 3097	2695	-144	 32.34	 3	0 	0
2025-11-08 13:02:32	 47702	 3119	2656	-144	 104.41	 0	-6 	0
2025-11-08 13:02:34	 47762	 3106	2640	-144	 215.16	 -4	-1 	0
2025-11-08 13:02:35	 47797	 2966	2603	-144	 215.16	 -2	-1 	0
2025-11-08 13:02:36	 47832	 2902	2561	-144	 215.16	 -5	-3 	0
2025-11-08 13:02:37	 47867	 2804	2503	-144	 206.37	 -4	-2 	0
2025-11-08 13:02:38	 47902	 2747	2477	-120	 199.34	 -4	-2 	0
2025-11-08 13:02:39	 47937	 2699	2460	-120	 199.34	 -1	-1 	0
2025-11-08 13:02:51	 48345	 2812	2412	-144	 337.15	 7	-3 	0
2025-11-08 13:02:52	 48380	 2933	2364	-128	 344.18	 3	-2 	16
2025-11-08 13:02:53	 48415	 3123	2302	-144	 344.18	 2	-2 	0
2025-11-08 13:02:54	 48450	 3248	2288	-144	 344.18	 6	-1 	0
2025-11-08 13:02:55	 48505	 3287	2398	-144	 63.28	 0	5 	0
2025-11-08 13:02:57	 48567	 3186	2447	-144	 149.41	 -6	0 	0
2025-11-08 13:02:58	 48602	 3076	2447	-128	 182.81	 -1	0 	16
2025-11-08 13:02:59	 48637	 2974	2443	-128	 182.81	 -8	-1 	16
2025-11-08 13:03:00	 48672	 2687	2429	-144	 182.81	 -10	-1 	0
2025-11-08 13:03:01	 48707	 2463	2407	-128	 198.63	 -7	-2 	0
2025-11-08 13:03:02	 48742	 2320	2358	-144	 228.52	 0	-1 	0
2025-11-08 13:03:04	 48822	 2359	2320	-144	 346.29	 5	-1 	0
2025-11-08 13:03:05	 48857	 2600	2279	-144	 349.80	 4	-2 	0
2025-11-08 13:03:06	 48892	 2662	2274	-128	 23.20	 3	1 	0
2025-11-08 13:03:07	 48927	 2727	2304	-128	 30.23	 0	0 	0
2025-11-08 13:03:09	 48972	 2790	2340	-128	 30.23	 9	5 	0
2025-11-08 13:03:10	 49007	 3055	2532	-144	 30.23	 1	5 	0
2025-11-08 13:03:11	 49042	 3119	2695	-144	 30.23	 1	0 	0
2025-11-08 13:03:12	 49103	 2990	2620	-144	 30.23	 -7	-4 	0
2025-11-08 13:03:13	 49138	 2743	2476	-120	 30.23	 -8	-5 	0
2025-11-08 13:03:14	 49173	 2654	2445	-144	 267.98	 -2	1 	0
2025-11-08 13:03:15	 49208	 2689	2481	-120	 195.56	 2	0 	0
2025-11-08 13:03:16	 49243	 2711	2490	-120	 195.56	 0	0 	0
2025-11-08 13:03:18	 49288	 2717	2480	-120	 262.71	 0	1 	0
2025-11-08 13:03:20	 49365	 2725	2492	-120	 168.31	 2	-1 	0
2025-11-08 13:03:21	 49400	 2760	2485	-120	 259.37	 0	0 	0
2025-11-08 13:04:28	 51732	 2777	2490	-144	 181.93	 0	0 	0
2025-11-08 13:04:30	 51818	 2767	2490	-120	 181.93	 -4	-1 	0
2025-11-08 13:04:31	 51853	 2753	2489	-120	 181.93	 6	0 	0
2025-11-08 13:04:32	 51888	 2773	2490	-144	 181.93	 -7	-1 	0
2025-11-08 13:04:33	 51923	 2685	2491	-120	 120.41	 -2	2 	0
2025-11-08 13:04:34	 51958	 2626	2585	-144	 48.34	 -1	0 	0
2025-11-08 13:04:35	 52003	 2636	2600	-144	 29.00	 0	0 	0
2025-11-08 13:04:52	 52591	 2637	2620	-144	 256.46	 -1	1 	0
2025-11-08 13:04:53	 52626	 2636	2639	-144	 91.93	 0	0 	0
2025-11-08 13:04:54	 52661	 2629	2694	-144	 86.66	 -1	1 	0
2025-11-08 13:04:56	 52731	 2701	2547	-144	 295.49	 3	-8 	0
2025-11-08 13:04:57	 52766	 2826	2285	-144	 295.49	 3	-8 	0
2025-11-08 13:04:58	 52801	 2859	2256	-144	 14.59	 1	0 	0
2025-11-08 13:04:59	 52836	 3074	2311	-128	 14.59	 7	2 	16
2025-11-08 13:05:00	 52871	 3257	2365	-144	 14.59	 7	1 	0
2025-11-08 13:05:01	 52906	 3287	2399	-144	 309.55	 0	0 	0
2025-11-08 13:05:02	 52947	 3246	2288	-144	 249.79	 -1	-1 	0
2025-11-08 13:05:03	 52982	 3209	2288	-144	 249.79	 -1	0 	0


